.1.3.6.1.2.1.17.7.1.4.2.1.3.0.1 = Gauge32: 1
.1.3.6.1.2.1.17.7.1.4.2.1.3.0.1000 = Gauge32: 1000
.1.3.6.1.2.1.17.7.1.4.2.1.4.0.1 = Hex-STRING: 00 00 00 00 00 00 00 00 00 00 00 00 00 00 00 00 
00 00 00 00 00 00 00 00 00 00 00 00 00 00 00 00 
00 00 00 00 00 00 00 00 00 00 00 00 00 00 00 00 
00 00 00 00 00 00 00 00 00 00 00 00 00 00 00 00 
00 00 00 00 00 00 00 00 00 00 00 00 00 00 00 00 
00 00 00 00 00 00 00 00 00 00 00 00 00 00 00 00 
00 00 00 00 00 00 00 00 00 00 00 00 00 00 00 00 
00 00 00 00 00 00 00 00 00 00 00 00 00 00 
.1.3.6.1.2.1.17.7.1.4.2.1.4.0.1000 = Hex-STRING: 00 00 00 00 00 00 FF FF FF 00 00 00 00 00 00 00 
00 00 00 00 00 00 00 00 00 00 00 00 00 00 00 00 
00 00 00 00 00 00 00 00 00 00 00 00 00 00 00 00 
00 00 00 00 00 00 00 00 00 00 00 00 00 00 00 00 
00 00 00 00 00 00 00 00 00 00 00 00 00 00 00 00 
00 00 00 00 00 00 00 00 00 00 00 00 00 00 00 00 
00 00 00 00 00 00 00 00 00 00 00 00 00 00 00 00 
00 00 00 00 00 00 00 00 00 00 00 00 01 E0 
.1.3.6.1.2.1.17.7.1.4.2.1.5.0.1 = Hex-STRING: 00 00 00 00 00 00 00 00 00 00 00 00 00 00 00 00 
00 00 00 00 00 00 00 00 00 00 00 00 00 00 00 00 
00 00 00 00 00 00 00 00 00 00 00 00 00 00 00 00 
00 00 00 00 00 00 00 00 00 00 00 00 00 00 00 00 
00 00 00 00 00 00 00 00 00 00 00 00 00 00 00 00 
00 00 00 00 00 00 00 00 00 00 00 00 00 00 00 00 
00 00 00 00 00 00 00 00 00 00 00 00 00 00 00 00 
00 00 00 00 00 00 00 00 00 00 00 00 00 00 
.1.3.6.1.2.1.17.7.1.4.2.1.5.0.1000 = Hex-STRING: 00 00 00 00 00 00 FF FF FF 00 00 00 00 00 00 00 
00 00 00 00 00 00 00 00 00 00 00 00 00 00 00 00 
00 00 00 00 00 00 00 00 00 00 00 00 00 00 00 00 
00 00 00 00 00 00 00 00 00 00 00 00 00 00 00 00 
00 00 00 00 00 00 00 00 00 00 00 00 00 00 00 00 
00 00 00 00 00 00 00 00 00 00 00 00 00 00 00 00 
00 00 00 00 00 00 00 00 00 00 00 00 00 00 00 00 
00 00 00 00 00 00 00 00 00 00 00 00 00 E0 
.1.3.6.1.2.1.17.7.1.4.2.1.6.0.1 = INTEGER: 2
.1.3.6.1.2.1.17.7.1.4.2.1.6.0.1000 = INTEGER: 1
.1.3.6.1.2.1.17.7.1.4.2.1.7.0.1 = Timeticks: (12080) 0:02:00.80
.1.3.6.1.2.1.17.7.1.4.2.1.7.0.1000 = Timeticks: (12040) 0:02:00.40
